0.000000	-0.208000	0.175073	0.070000	1.570796	0.000000	-2.094399
0.005000	-0.207160	0.175914	0.069160	1.570796	0.000000	-2.094399
0.010000	-0.206320	0.176754	0.068320	1.570796	0.000000	-2.094399
0.015000	-0.205480	0.177593	0.067480	1.570796	0.000000	-2.094399
0.020000	-0.204640	0.178433	0.066640	1.570796	0.000000	-2.094399
0.025000	-0.203800	0.179274	0.065800	1.570796	0.000000	-2.094399
0.030000	-0.202960	0.180114	0.064960	1.570796	0.000000	-2.094399
0.035000	-0.202120	0.180953	0.064120	1.570796	0.000000	-2.094399
0.040000	-0.201280	0.181793	0.063280	1.570796	0.000000	-2.094399
0.045000	-0.200440	0.182634	0.062440	1.570796	0.000000	-2.094399
0.050000	-0.199600	0.183474	0.061600	1.570796	0.000000	-2.094399
0.055000	-0.198760	0.184313	0.060760	1.570796	0.000000	-2.094399
0.060000	-0.197920	0.185153	0.059920	1.570796	0.000000	-2.094399
0.065000	-0.197080	0.185994	0.059080	1.570796	0.000000	-2.094399
0.070000	-0.196240	0.186834	0.058240	1.570796	0.000000	-2.094399
0.075000	-0.195400	0.187673	0.057400	1.570796	0.000000	-2.094399
0.080000	-0.194560	0.188514	0.056560	1.570796	0.000000	-2.094399
0.085000	-0.193720	0.189354	0.055720	1.570796	0.000000	-2.094399
0.090000	-0.192880	0.190193	0.054880	1.570796	0.000000	-2.094399
0.095000	-0.192040	0.191033	0.054040	1.570796	0.000000	-2.094399
0.100000	-0.191200	0.191874	0.053200	1.570796	0.000000	-2.094399
0.105000	-0.190360	0.192714	0.052360	1.570796	0.000000	-2.094399
0.110000	-0.189520	0.193553	0.051520	1.570796	0.000000	-2.094399
0.115000	-0.188680	0.194393	0.050680	1.570796	0.000000	-2.094399
0.120000	-0.187840	0.195234	0.049840	1.570796	0.000000	-2.094399
0.125000	-0.187000	0.196074	0.049000	1.570796	0.000000	-2.094399
0.130000	-0.186160	0.196913	0.048160	1.570796	0.000000	-2.094399
0.135000	-0.185320	0.197753	0.047320	1.570796	0.000000	-2.094399
0.140000	-0.184480	0.198594	0.046480	1.570796	0.000000	-2.094399
0.145000	-0.183640	0.199434	0.045640	1.570796	0.000000	-2.094399
0.150000	-0.182800	0.200273	0.044800	1.570796	0.000000	-2.094399
0.155000	-0.181960	0.201114	0.043960	1.570796	0.000000	-2.094399
0.160000	-0.181120	0.201954	0.043120	1.570796	0.000000	-2.094399
0.165000	-0.180280	0.202793	0.042280	1.570796	0.000000	-2.094399
0.170000	-0.179440	0.203633	0.041440	1.570796	0.000000	-2.094399
0.175000	-0.178600	0.204474	0.040600	1.570796	0.000000	-2.094399
0.180000	-0.177760	0.205314	0.039760	1.570796	0.000000	-2.094399
0.185000	-0.176920	0.206153	0.038920	1.570796	0.000000	-2.094399
0.190000	-0.176080	0.206993	0.038080	1.570796	0.000000	-2.094399
0.195000	-0.175240	0.207834	0.037240	1.570796	0.000000	-2.094399
0.200000	-0.174400	0.208674	0.036400	1.570796	0.000000	-2.094399
0.205000	-0.173560	0.209513	0.035560	1.570796	0.000000	-2.094399
0.210000	-0.172720	0.210353	0.034720	1.570796	0.000000	-2.094399
0.215000	-0.171880	0.211194	0.033880	1.570796	0.000000	-2.094399
0.220000	-0.171040	0.212034	0.033040	1.570796	0.000000	-2.094399
0.225000	-0.170200	0.212873	0.032200	1.570796	0.000000	-2.094399
0.230000	-0.169360	0.213714	0.031360	1.570796	0.000000	-2.094399
0.235000	-0.168520	0.214554	0.030520	1.570796	0.000000	-2.094399
0.240000	-0.167680	0.215393	0.029680	1.570796	0.000000	-2.094399
0.245000	-0.166840	0.216233	0.028840	1.570796	0.000000	-2.094399
0.250000	-0.166000	0.217074	0.028000	1.570796	0.000000	-2.094399
0.255000	-0.165160	0.217914	0.027160	1.570796	0.000000	-2.094399
0.260000	-0.164320	0.218753	0.026320	1.570796	0.000000	-2.094399
0.265000	-0.163480	0.219593	0.025480	1.570796	0.000000	-2.094399
0.270000	-0.162640	0.220434	0.024640	1.570796	0.000000	-2.094399
0.275000	-0.161800	0.221274	0.023800	1.570796	0.000000	-2.094399
0.280000	-0.160960	0.222113	0.022960	1.570796	0.000000	-2.094399
0.285000	-0.160120	0.222953	0.022120	1.570796	0.000000	-2.094399
0.290000	-0.159280	0.223794	0.021280	1.570796	0.000000	-2.094399
0.295000	-0.158440	0.224634	0.020440	1.570796	0.000000	-2.094399
0.300000	-0.157600	0.225473	0.019600	1.570796	0.000000	-2.094399
0.305000	-0.156760	0.226314	0.018760	1.570796	0.000000	-2.094399
0.310000	-0.155920	0.227154	0.017920	1.570796	0.000000	-2.094399
0.315000	-0.155080	0.227993	0.017080	1.570796	0.000000	-2.094399
0.320000	-0.154240	0.228833	0.016240	1.570796	0.000000	-2.094399
0.325000	-0.153400	0.229674	0.015400	1.570796	0.000000	-2.094399
0.330000	-0.152560	0.230514	0.014560	1.570796	0.000000	-2.094399
0.335000	-0.151720	0.231353	0.013720	1.570796	0.000000	-2.094399
0.340000	-0.150880	0.232193	0.012880	1.570796	0.000000	-2.094399
0.345000	-0.150040	0.233034	0.012040	1.570796	0.000000	-2.094399
0.350000	-0.149200	0.233874	0.011200	1.570796	0.000000	-2.094399
0.355000	-0.148360	0.234713	0.010360	1.570796	0.000000	-2.094399
0.360000	-0.147520	0.235553	0.009520	1.570796	0.000000	-2.094399
0.365000	-0.146680	0.236394	0.008680	1.570796	0.000000	-2.094399
0.370000	-0.145840	0.237234	0.007840	1.570796	0.000000	-2.094399
0.375000	-0.145000	0.238073	0.007000	1.570796	0.000000	-2.094399
0.380000	-0.144160	0.238914	0.006160	1.570796	0.000000	-2.094399
0.385000	-0.143320	0.239754	0.005320	1.570796	0.000000	-2.094399
0.390000	-0.142480	0.240593	0.004480	1.570796	0.000000	-2.094399
0.395000	-0.141640	0.241433	0.003640	1.570796	0.000000	-2.094399
0.400000	-0.140800	0.242274	0.002800	1.570796	0.000000	-2.094399
0.405000	-0.139960	0.243114	0.001960	1.570796	0.000000	-2.094399
0.410000	-0.139120	0.243953	0.001120	1.570796	0.000000	-2.094399
0.415000	-0.138280	0.244793	0.000280	1.570796	0.000000	-2.094399
0.420000	-0.137440	0.245634	-0.000560	1.570796	0.000000	-2.094399
0.425000	-0.136600	0.246474	-0.001400	1.570796	0.000000	-2.094399
0.430000	-0.135760	0.247313	-0.002240	1.570796	0.000000	-2.094399
0.435000	-0.134920	0.248153	-0.003080	1.570796	0.000000	-2.094399
0.440000	-0.134080	0.248994	-0.003920	1.570796	0.000000	-2.094399
0.445000	-0.133240	0.249833	-0.004760	1.570796	0.000000	-2.094399
0.450000	-0.132400	0.250673	-0.005600	1.570796	0.000000	-2.094399
0.455000	-0.131560	0.251514	-0.006440	1.570796	0.000000	-2.094399
0.460000	-0.130720	0.252354	-0.007280	1.570796	0.000000	-2.094399
0.465000	-0.129880	0.253194	-0.008120	1.570796	0.000000	-2.094399
0.470000	-0.129040	0.254034	-0.008960	1.570796	0.000000	-2.094399
0.475000	-0.128200	0.254873	-0.009800	1.570796	0.000000	-2.094399
0.480000	-0.127360	0.255713	-0.010640	1.570796	0.000000	-2.094399
0.485000	-0.126520	0.256553	-0.011480	1.570796	0.000000	-2.094399
0.490000	-0.125680	0.257393	-0.012320	1.570796	0.000000	-2.094399
0.495000	-0.124840	0.258234	-0.013160	1.570796	0.000000	-2.094399
0.500000	-0.124000	0.259074	-0.014000	1.570796	0.000000	-2.094399
0.505000	-0.125680	0.259074	-0.014000	1.570796	0.000000	-2.094399
0.510000	-0.127360	0.259074	-0.014000	1.570796	0.000000	-2.094399
0.515000	-0.129040	0.259074	-0.014000	1.570796	0.000000	-2.094399
0.520000	-0.130720	0.259074	-0.014000	1.570796	0.000000	-2.094399
0.525000	-0.132400	0.259074	-0.014000	1.570796	0.000000	-2.094399
0.530000	-0.134080	0.259074	-0.014000	1.570796	0.000000	-2.094399
0.535000	-0.135760	0.259074	-0.014000	1.570796	0.000000	-2.094399
0.540000	-0.137440	0.259074	-0.014000	1.570796	0.000000	-2.094399
0.545000	-0.139120	0.259074	-0.014000	1.570796	0.000000	-2.094399
0.550000	-0.140800	0.259074	-0.014000	1.570796	0.000000	-2.094399
0.555000	-0.142480	0.259074	-0.014000	1.570796	0.000000	-2.094399
0.560000	-0.144160	0.259074	-0.014000	1.570796	0.000000	-2.094399
0.565000	-0.145840	0.259074	-0.014000	1.570796	0.000000	-2.094399
0.570000	-0.147520	0.259074	-0.014000	1.570796	0.000000	-2.094399
0.575000	-0.149200	0.259074	-0.014000	1.570796	0.000000	-2.094399
0.580000	-0.150880	0.259074	-0.014000	1.570796	0.000000	-2.094399
0.585000	-0.152560	0.259074	-0.014000	1.570796	0.000000	-2.094399
0.590000	-0.154240	0.259074	-0.014000	1.570796	0.000000	-2.094399
0.595000	-0.155920	0.259074	-0.014000	1.570796	0.000000	-2.094399
0.600000	-0.157600	0.259074	-0.014000	1.570796	0.000000	-2.094399
0.605000	-0.159280	0.259074	-0.014000	1.570796	0.000000	-2.094399
0.610000	-0.160960	0.259074	-0.014000	1.570796	0.000000	-2.094399
0.615000	-0.162640	0.259074	-0.014000	1.570796	0.000000	-2.094399
0.620000	-0.164320	0.259074	-0.014000	1.570796	0.000000	-2.094399
0.625000	-0.166000	0.259074	-0.014000	1.570796	0.000000	-2.094399
0.630000	-0.167680	0.259074	-0.014000	1.570796	0.000000	-2.094399
0.635000	-0.169360	0.259074	-0.014000	1.570796	0.000000	-2.094399
0.640000	-0.171040	0.259074	-0.014000	1.570796	0.000000	-2.094399
0.645000	-0.172720	0.259074	-0.014000	1.570796	0.000000	-2.094399
0.650000	-0.174400	0.259074	-0.014000	1.570796	0.000000	-2.094399
0.655000	-0.176080	0.259074	-0.014000	1.570796	0.000000	-2.094399
0.660000	-0.177760	0.259074	-0.014000	1.570796	0.000000	-2.094399
0.665000	-0.179440	0.259074	-0.014000	1.570796	0.000000	-2.094399
0.670000	-0.181120	0.259074	-0.014000	1.570796	0.000000	-2.094399
0.675000	-0.182800	0.259074	-0.014000	1.570796	0.000000	-2.094399
0.680000	-0.184480	0.259074	-0.014000	1.570796	0.000000	-2.094399
0.685000	-0.186160	0.259074	-0.014000	1.570796	0.000000	-2.094399
0.690000	-0.187840	0.259074	-0.014000	1.570796	0.000000	-2.094399
0.695000	-0.189520	0.259074	-0.014000	1.570796	0.000000	-2.094399
0.700000	-0.191200	0.259074	-0.014000	1.570796	0.000000	-2.094399
0.705000	-0.192880	0.259074	-0.014000	1.570796	0.000000	-2.094399
0.710000	-0.194560	0.259074	-0.014000	1.570796	0.000000	-2.094399
0.715000	-0.196240	0.259074	-0.014000	1.570796	0.000000	-2.094399
0.720000	-0.197920	0.259074	-0.014000	1.570796	0.000000	-2.094399
0.725000	-0.199600	0.259074	-0.014000	1.570796	0.000000	-2.094399
0.730000	-0.201280	0.259074	-0.014000	1.570796	0.000000	-2.094399
0.735000	-0.202960	0.259074	-0.014000	1.570796	0.000000	-2.094399
0.740000	-0.204640	0.259074	-0.014000	1.570796	0.000000	-2.094399
0.745000	-0.206320	0.259074	-0.014000	1.570796	0.000000	-2.094399
0.750000	-0.208000	0.259074	-0.014000	1.570796	0.000000	-2.094399
0.755000	-0.209680	0.259074	-0.014000	1.570796	0.000000	-2.094399
0.760000	-0.211360	0.259074	-0.014000	1.570796	0.000000	-2.094399
0.765000	-0.213040	0.259074	-0.014000	1.570796	0.000000	-2.094399
0.770000	-0.214720	0.259074	-0.014000	1.570796	0.000000	-2.094399
0.775000	-0.216400	0.259074	-0.014000	1.570796	0.000000	-2.094399
0.780000	-0.218080	0.259074	-0.014000	1.570796	0.000000	-2.094399
0.785000	-0.219760	0.259074	-0.014000	1.570796	0.000000	-2.094399
0.790000	-0.221440	0.259074	-0.014000	1.570796	0.000000	-2.094399
0.795000	-0.223120	0.259074	-0.014000	1.570796	0.000000	-2.094399
0.800000	-0.224800	0.259074	-0.014000	1.570796	0.000000	-2.094399
0.805000	-0.226480	0.259074	-0.014000	1.570796	0.000000	-2.094399
0.810000	-0.228160	0.259074	-0.014000	1.570796	0.000000	-2.094399
0.815000	-0.229840	0.259074	-0.014000	1.570796	0.000000	-2.094399
0.820000	-0.231520	0.259074	-0.014000	1.570796	0.000000	-2.094399
0.825000	-0.233200	0.259074	-0.014000	1.570796	0.000000	-2.094399
0.830000	-0.234880	0.259074	-0.014000	1.570796	0.000000	-2.094399
0.835000	-0.236560	0.259074	-0.014000	1.570796	0.000000	-2.094399
0.840000	-0.238240	0.259074	-0.014000	1.570796	0.000000	-2.094399
0.845000	-0.239920	0.259074	-0.014000	1.570796	0.000000	-2.094399
0.850000	-0.241600	0.259074	-0.014000	1.570796	0.000000	-2.094399
0.855000	-0.243280	0.259074	-0.014000	1.570796	0.000000	-2.094399
0.860000	-0.244960	0.259074	-0.014000	1.570796	0.000000	-2.094399
0.865000	-0.246640	0.259074	-0.014000	1.570796	0.000000	-2.094399
0.870000	-0.248320	0.259074	-0.014000	1.570796	0.000000	-2.094399
0.875000	-0.250000	0.259074	-0.014000	1.570796	0.000000	-2.094399
0.880000	-0.251680	0.259074	-0.014000	1.570796	0.000000	-2.094399
0.885000	-0.253360	0.259074	-0.014000	1.570796	0.000000	-2.094399
0.890000	-0.255040	0.259074	-0.014000	1.570796	0.000000	-2.094399
0.895000	-0.256720	0.259074	-0.014000	1.570796	0.000000	-2.094399
0.900000	-0.258400	0.259074	-0.014000	1.570796	0.000000	-2.094399
0.905000	-0.260080	0.259074	-0.014000	1.570796	0.000000	-2.094399
0.910000	-0.261760	0.259074	-0.014000	1.570796	0.000000	-2.094399
0.915000	-0.263440	0.259074	-0.014000	1.570796	0.000000	-2.094399
0.920000	-0.265120	0.259074	-0.014000	1.570796	0.000000	-2.094399
0.925000	-0.266800	0.259074	-0.014000	1.570796	0.000000	-2.094399
0.930000	-0.268480	0.259074	-0.014000	1.570796	0.000000	-2.094399
0.935000	-0.270160	0.259074	-0.014000	1.570796	0.000000	-2.094399
0.940000	-0.271840	0.259074	-0.014000	1.570796	0.000000	-2.094399
0.945000	-0.273520	0.259074	-0.014000	1.570796	0.000000	-2.094399
0.950000	-0.275200	0.259074	-0.014000	1.570796	0.000000	-2.094399
0.955000	-0.276880	0.259074	-0.014000	1.570796	0.000000	-2.094399
0.960000	-0.278560	0.259074	-0.014000	1.570796	0.000000	-2.094399
0.965000	-0.280240	0.259074	-0.014000	1.570796	0.000000	-2.094399
0.970000	-0.281920	0.259074	-0.014000	1.570796	0.000000	-2.094399
0.975000	-0.283600	0.259074	-0.014000	1.570796	0.000000	-2.094399
0.980000	-0.285280	0.259074	-0.014000	1.570796	0.000000	-2.094399
0.985000	-0.286960	0.259074	-0.014000	1.570796	0.000000	-2.094399
0.990000	-0.288640	0.259074	-0.014000	1.570796	0.000000	-2.094399
0.995000	-0.290320	0.259074	-0.014000	1.570796	0.000000	-2.094399
1.000000	-0.292000	0.259074	-0.014000	1.570796	0.000000	-2.094399
1.005000	-0.292000	0.257393	-0.012320	1.570796	0.000000	-2.094399
1.010000	-0.292000	0.255713	-0.010640	1.570796	0.000000	-2.094399
1.015000	-0.292000	0.254034	-0.008960	1.570796	0.000000	-2.094399
1.020000	-0.292000	0.252354	-0.007280	1.570796	0.000000	-2.094399
1.025000	-0.292000	0.250673	-0.005600	1.570796	0.000000	-2.094399
1.030000	-0.292000	0.248994	-0.003920	1.570796	0.000000	-2.094399
1.035000	-0.292000	0.247313	-0.002240	1.570796	0.000000	-2.094399
1.040000	-0.292000	0.245634	-0.000560	1.570796	0.000000	-2.094399
1.045000	-0.292000	0.243953	0.001120	1.570796	0.000000	-2.094399
1.050000	-0.292000	0.242274	0.002800	1.570796	0.000000	-2.094399
1.055000	-0.292000	0.240593	0.004480	1.570796	0.000000	-2.094399
1.060000	-0.292000	0.238914	0.006160	1.570796	0.000000	-2.094399
1.065000	-0.292000	0.237234	0.007840	1.570796	0.000000	-2.094399
1.070000	-0.292000	0.235553	0.009520	1.570796	0.000000	-2.094399
1.075000	-0.292000	0.233874	0.011200	1.570796	0.000000	-2.094399
1.080000	-0.292000	0.232193	0.012880	1.570796	0.000000	-2.094399
1.085000	-0.292000	0.230514	0.014560	1.570796	0.000000	-2.094399
1.090000	-0.292000	0.228833	0.016240	1.570796	0.000000	-2.094399
1.095000	-0.292000	0.227154	0.017920	1.570796	0.000000	-2.094399
1.100000	-0.292000	0.225473	0.019600	1.570796	0.000000	-2.094399
1.105000	-0.292000	0.223794	0.021280	1.570796	0.000000	-2.094399
1.110000	-0.292000	0.222113	0.022960	1.570796	0.000000	-2.094399
1.115000	-0.292000	0.220434	0.024640	1.570796	0.000000	-2.094399
1.120000	-0.292000	0.218753	0.026320	1.570796	0.000000	-2.094399
1.125000	-0.292000	0.217074	0.028000	1.570796	0.000000	-2.094399
1.130000	-0.292000	0.215393	0.029680	1.570796	0.000000	-2.094399
1.135000	-0.292000	0.213714	0.031360	1.570796	0.000000	-2.094399
1.140000	-0.292000	0.212034	0.033040	1.570796	0.000000	-2.094399
1.145000	-0.292000	0.210353	0.034720	1.570796	0.000000	-2.094399
1.150000	-0.292000	0.208674	0.036400	1.570796	0.000000	-2.094399
1.155000	-0.292000	0.206993	0.038080	1.570796	0.000000	-2.094399
1.160000	-0.292000	0.205314	0.039760	1.570796	0.000000	-2.094399
1.165000	-0.292000	0.203633	0.041440	1.570796	0.000000	-2.094399
1.170000	-0.292000	0.201954	0.043120	1.570796	0.000000	-2.094399
1.175000	-0.292000	0.200273	0.044800	1.570796	0.000000	-2.094399
1.180000	-0.292000	0.198594	0.046480	1.570796	0.000000	-2.094399
1.185000	-0.292000	0.196913	0.048160	1.570796	0.000000	-2.094399
1.190000	-0.292000	0.195234	0.049840	1.570796	0.000000	-2.094399
1.195000	-0.292000	0.193553	0.051520	1.570796	0.000000	-2.094399
1.200000	-0.292000	0.191874	0.053200	1.570796	0.000000	-2.094399
1.205000	-0.292000	0.190193	0.054880	1.570796	0.000000	-2.094399
1.210000	-0.292000	0.188514	0.056560	1.570796	0.000000	-2.094399
1.215000	-0.292000	0.186834	0.058240	1.570796	0.000000	-2.094399
1.220000	-0.292000	0.185153	0.059920	1.570796	0.000000	-2.094399
1.225000	-0.292000	0.183474	0.061600	1.570796	0.000000	-2.094399
1.230000	-0.292000	0.181793	0.063280	1.570796	0.000000	-2.094399
1.235000	-0.292000	0.180114	0.064960	1.570796	0.000000	-2.094399
1.240000	-0.292000	0.178433	0.066640	1.570796	0.000000	-2.094399
1.245000	-0.292000	0.176754	0.068320	1.570796	0.000000	-2.094399
1.250000	-0.292000	0.175073	0.070000	1.570796	0.000000	-2.094399
1.255000	-0.292000	0.173394	0.071680	1.570796	0.000000	-2.094399
1.260000	-0.292000	0.171713	0.073360	1.570796	0.000000	-2.094399
1.265000	-0.292000	0.170034	0.075040	1.570796	0.000000	-2.094399
1.270000	-0.292000	0.168353	0.076720	1.570796	0.000000	-2.094399
1.275000	-0.292000	0.166674	0.078400	1.570796	0.000000	-2.094399
1.280000	-0.292000	0.164993	0.080080	1.570796	0.000000	-2.094399
1.285000	-0.292000	0.163314	0.081760	1.570796	0.000000	-2.094399
1.290000	-0.292000	0.161634	0.083440	1.570796	0.000000	-2.094399
1.295000	-0.292000	0.159953	0.085120	1.570796	0.000000	-2.094399
1.300000	-0.292000	0.158274	0.086800	1.570796	0.000000	-2.094399
1.305000	-0.292000	0.156593	0.088480	1.570796	0.000000	-2.094399
1.310000	-0.292000	0.154914	0.090160	1.570796	0.000000	-2.094399
1.315000	-0.292000	0.153233	0.091840	1.570796	0.000000	-2.094399
1.320000	-0.292000	0.151554	0.093520	1.570796	0.000000	-2.094399
1.325000	-0.292000	0.149873	0.095200	1.570796	0.000000	-2.094399
1.330000	-0.292000	0.148194	0.096880	1.570796	0.000000	-2.094399
1.335000	-0.292000	0.146513	0.098560	1.570796	0.000000	-2.094399
1.340000	-0.292000	0.144834	0.100240	1.570796	0.000000	-2.094399
1.345000	-0.292000	0.143153	0.101920	1.570796	0.000000	-2.094399
1.350000	-0.292000	0.141474	0.103600	1.570796	0.000000	-2.094399
1.355000	-0.292000	0.139793	0.105280	1.570796	0.000000	-2.094399
1.360000	-0.292000	0.138114	0.106960	1.570796	0.000000	-2.094399
1.365000	-0.292000	0.136434	0.108640	1.570796	0.000000	-2.094399
1.370000	-0.292000	0.134753	0.110320	1.570796	0.000000	-2.094399
1.375000	-0.292000	0.133074	0.112000	1.570796	0.000000	-2.094399
1.380000	-0.292000	0.131393	0.113680	1.570796	0.000000	-2.094399
1.385000	-0.292000	0.129714	0.115360	1.570796	0.000000	-2.094399
1.390000	-0.292000	0.128033	0.117040	1.570796	0.000000	-2.094399
1.395000	-0.292000	0.126354	0.118720	1.570796	0.000000	-2.094399
1.400000	-0.292000	0.124674	0.120400	1.570796	0.000000	-2.094399
1.405000	-0.292000	0.122994	0.122080	1.570796	0.000000	-2.094399
1.410000	-0.292000	0.121314	0.123760	1.570796	0.000000	-2.094399
1.415000	-0.292000	0.119634	0.125440	1.570796	0.000000	-2.094399
1.420000	-0.292000	0.117954	0.127120	1.570796	0.000000	-2.094399
1.425000	-0.292000	0.116274	0.128800	1.570796	0.000000	-2.094399
1.430000	-0.292000	0.114594	0.130480	1.570796	0.000000	-2.094399
1.435000	-0.292000	0.112913	0.132160	1.570796	0.000000	-2.094399
1.440000	-0.292000	0.111233	0.133840	1.570796	0.000000	-2.094399
1.445000	-0.292000	0.109553	0.135520	1.570796	0.000000	-2.094399
1.450000	-0.292000	0.107873	0.137200	1.570796	0.000000	-2.094399
1.455000	-0.292000	0.106193	0.138880	1.570796	0.000000	-2.094399
1.460000	-0.292000	0.104513	0.140560	1.570796	0.000000	-2.094399
1.465000	-0.292000	0.102833	0.142240	1.570796	0.000000	-2.094399
1.470000	-0.292000	0.101153	0.143920	1.570796	0.000000	-2.094399
1.475000	-0.292000	0.099474	0.145600	1.570796	0.000000	-2.094399
1.480000	-0.292000	0.097794	0.147280	1.570796	0.000000	-2.094399
1.485000	-0.292000	0.096114	0.148960	1.570796	0.000000	-2.094399
1.490000	-0.292000	0.094434	0.150640	1.570796	0.000000	-2.094399
1.495000	-0.292000	0.092754	0.152320	1.570796	0.000000	-2.094399
1.500000	-0.292000	0.091074	0.154000	1.570796	0.000000	-2.094399
1.505000	-0.290320	0.091074	0.154000	1.570796	0.000000	-2.094399
1.510000	-0.288640	0.091074	0.154000	1.570796	0.000000	-2.094399
1.515000	-0.286960	0.091074	0.154000	1.570796	0.000000	-2.094399
1.520000	-0.285280	0.091074	0.154000	1.570796	0.000000	-2.094399
1.525000	-0.283600	0.091074	0.154000	1.570796	0.000000	-2.094399
1.530000	-0.281920	0.091074	0.154000	1.570796	0.000000	-2.094399
1.535000	-0.280240	0.091074	0.154000	1.570796	0.000000	-2.094399
1.540000	-0.278560	0.091074	0.154000	1.570796	0.000000	-2.094399
1.545000	-0.276880	0.091074	0.154000	1.570796	0.000000	-2.094399
1.550000	-0.275200	0.091074	0.154000	1.570796	0.000000	-2.094399
1.555000	-0.273520	0.091074	0.154000	1.570796	0.000000	-2.094399
1.560000	-0.271840	0.091074	0.154000	1.570796	0.000000	-2.094399
1.565000	-0.270160	0.091074	0.154000	1.570796	0.000000	-2.094399
1.570000	-0.268480	0.091074	0.154000	1.570796	0.000000	-2.094399
1.575000	-0.266800	0.091074	0.154000	1.570796	0.000000	-2.094399
1.580000	-0.265120	0.091074	0.154000	1.570796	0.000000	-2.094399
1.585000	-0.263440	0.091074	0.154000	1.570796	0.000000	-2.094399
1.590000	-0.261760	0.091074	0.154000	1.570796	0.000000	-2.094399
1.595000	-0.260080	0.091074	0.154000	1.570796	0.000000	-2.094399
1.600000	-0.258400	0.091074	0.154000	1.570796	0.000000	-2.094399
1.605000	-0.256720	0.091074	0.154000	1.570796	0.000000	-2.094399
1.610000	-0.255040	0.091074	0.154000	1.570796	0.000000	-2.094399
1.615000	-0.253360	0.091074	0.154000	1.570796	0.000000	-2.094399
1.620000	-0.251680	0.091074	0.154000	1.570796	0.000000	-2.094399
1.625000	-0.250000	0.091074	0.154000	1.570796	0.000000	-2.094399
1.630000	-0.248320	0.091074	0.154000	1.570796	0.000000	-2.094399
1.635000	-0.246640	0.091074	0.154000	1.570796	0.000000	-2.094399
1.640000	-0.244960	0.091074	0.154000	1.570796	0.000000	-2.094399
1.645000	-0.243280	0.091074	0.154000	1.570796	0.000000	-2.094399
1.650000	-0.241600	0.091074	0.154000	1.570796	0.000000	-2.094399
1.655000	-0.239920	0.091074	0.154000	1.570796	0.000000	-2.094399
1.660000	-0.238240	0.091074	0.154000	1.570796	0.000000	-2.094399
1.665000	-0.236560	0.091074	0.154000	1.570796	0.000000	-2.094399
1.670000	-0.234880	0.091074	0.154000	1.570796	0.000000	-2.094399
1.675000	-0.233200	0.091074	0.154000	1.570796	0.000000	-2.094399
1.680000	-0.231520	0.091074	0.154000	1.570796	0.000000	-2.094399
1.685000	-0.229840	0.091074	0.154000	1.570796	0.000000	-2.094399
1.690000	-0.228160	0.091074	0.154000	1.570796	0.000000	-2.094399
1.695000	-0.226480	0.091074	0.154000	1.570796	0.000000	-2.094399
1.700000	-0.224800	0.091074	0.154000	1.570796	0.000000	-2.094399
1.705000	-0.223120	0.091074	0.154000	1.570796	0.000000	-2.094399
1.710000	-0.221440	0.091074	0.154000	1.570796	0.000000	-2.094399
1.715000	-0.219760	0.091074	0.154000	1.570796	0.000000	-2.094399
1.720000	-0.218080	0.091074	0.154000	1.570796	0.000000	-2.094399
1.725000	-0.216400	0.091074	0.154000	1.570796	0.000000	-2.094399
1.730000	-0.214720	0.091074	0.154000	1.570796	0.000000	-2.094399
1.735000	-0.213040	0.091074	0.154000	1.570796	0.000000	-2.094399
1.740000	-0.211360	0.091074	0.154000	1.570796	0.000000	-2.094399
1.745000	-0.209680	0.091074	0.154000	1.570796	0.000000	-2.094399
1.750000	-0.208000	0.091074	0.154000	1.570796	0.000000	-2.094399
1.755000	-0.206320	0.091074	0.154000	1.570796	0.000000	-2.094399
1.760000	-0.204640	0.091074	0.154000	1.570796	0.000000	-2.094399
1.765000	-0.202960	0.091074	0.154000	1.570796	0.000000	-2.094399
1.770000	-0.201280	0.091074	0.154000	1.570796	0.000000	-2.094399
1.775000	-0.199600	0.091074	0.154000	1.570796	0.000000	-2.094399
1.780000	-0.197920	0.091074	0.154000	1.570796	0.000000	-2.094399
1.785000	-0.196240	0.091074	0.154000	1.570796	0.000000	-2.094399
1.790000	-0.194560	0.091074	0.154000	1.570796	0.000000	-2.094399
1.795000	-0.192880	0.091074	0.154000	1.570796	0.000000	-2.094399
1.800000	-0.191200	0.091074	0.154000	1.570796	0.000000	-2.094399
1.805000	-0.189520	0.091074	0.154000	1.570796	0.000000	-2.094399
1.810000	-0.187840	0.091074	0.154000	1.570796	0.000000	-2.094399
1.815000	-0.186160	0.091074	0.154000	1.570796	0.000000	-2.094399
1.820000	-0.184480	0.091074	0.154000	1.570796	0.000000	-2.094399
1.825000	-0.182800	0.091074	0.154000	1.570796	0.000000	-2.094399
1.830000	-0.181120	0.091074	0.154000	1.570796	0.000000	-2.094399
1.835000	-0.179440	0.091074	0.154000	1.570796	0.000000	-2.094399
1.840000	-0.177760	0.091074	0.154000	1.570796	0.000000	-2.094399
1.845000	-0.176080	0.091074	0.154000	1.570796	0.000000	-2.094399
1.850000	-0.174400	0.091074	0.154000	1.570796	0.000000	-2.094399
1.855000	-0.172720	0.091074	0.154000	1.570796	0.000000	-2.094399
1.860000	-0.171040	0.091074	0.154000	1.570796	0.000000	-2.094399
1.865000	-0.169360	0.091074	0.154000	1.570796	0.000000	-2.094399
1.870000	-0.167680	0.091074	0.154000	1.570796	0.000000	-2.094399
1.875000	-0.166000	0.091074	0.154000	1.570796	0.000000	-2.094399
1.880000	-0.164320	0.091074	0.154000	1.570796	0.000000	-2.094399
1.885000	-0.162640	0.091074	0.154000	1.570796	0.000000	-2.094399
1.890000	-0.160960	0.091074	0.154000	1.570796	0.000000	-2.094399
1.895000	-0.159280	0.091074	0.154000	1.570796	0.000000	-2.094399
1.900000	-0.157600	0.091074	0.154000	1.570796	0.000000	-2.094399
1.905000	-0.155920	0.091074	0.154000	1.570796	0.000000	-2.094399
1.910000	-0.154240	0.091074	0.154000	1.570796	0.000000	-2.094399
1.915000	-0.152560	0.091074	0.154000	1.570796	0.000000	-2.094399
1.920000	-0.150880	0.091074	0.154000	1.570796	0.000000	-2.094399
1.925000	-0.149200	0.091074	0.154000	1.570796	0.000000	-2.094399
1.930000	-0.147520	0.091074	0.154000	1.570796	0.000000	-2.094399
1.935000	-0.145840	0.091074	0.154000	1.570796	0.000000	-2.094399
1.940000	-0.144160	0.091074	0.154000	1.570796	0.000000	-2.094399
1.945000	-0.142480	0.091074	0.154000	1.570796	0.000000	-2.094399
1.950000	-0.140800	0.091074	0.154000	1.570796	0.000000	-2.094399
1.955000	-0.139120	0.091074	0.154000	1.570796	0.000000	-2.094399
1.960000	-0.137440	0.091074	0.154000	1.570796	0.000000	-2.094399
1.965000	-0.135760	0.091074	0.154000	1.570796	0.000000	-2.094399
1.970000	-0.134080	0.091074	0.154000	1.570796	0.000000	-2.094399
1.975000	-0.132400	0.091074	0.154000	1.570796	0.000000	-2.094399
1.980000	-0.130720	0.091074	0.154000	1.570796	0.000000	-2.094399
1.985000	-0.129040	0.091074	0.154000	1.570796	0.000000	-2.094399
1.990000	-0.127360	0.091074	0.154000	1.570796	0.000000	-2.094399
1.995000	-0.125680	0.091074	0.154000	1.570796	0.000000	-2.094399
2.000000	-0.124000	0.091074	0.154000	1.570796	0.000000	-2.094399
2.005000	-0.124840	0.091913	0.153160	1.570796	0.000000	-2.094399
2.010000	-0.125680	0.092754	0.152320	1.570796	0.000000	-2.094399
2.015000	-0.126520	0.093593	0.151480	1.570796	0.000000	-2.094399
2.020000	-0.127360	0.094434	0.150640	1.570796	0.000000	-2.094399
2.025000	-0.128200	0.095273	0.149800	1.570796	0.000000	-2.094399
2.030000	-0.129040	0.096114	0.148960	1.570796	0.000000	-2.094399
2.035000	-0.129880	0.096953	0.148120	1.570796	0.000000	-2.094399
2.040000	-0.130720	0.097794	0.147280	1.570796	0.000000	-2.094399
2.045000	-0.131560	0.098633	0.146440	1.570796	0.000000	-2.094399
2.050000	-0.132400	0.099474	0.145600	1.570796	0.000000	-2.094399
2.055000	-0.133240	0.100313	0.144760	1.570796	0.000000	-2.094399
2.060000	-0.134080	0.101153	0.143920	1.570796	0.000000	-2.094399
2.065000	-0.134920	0.101994	0.143080	1.570796	0.000000	-2.094399
2.070000	-0.135760	0.102833	0.142240	1.570796	0.000000	-2.094399
2.075000	-0.136600	0.103674	0.141400	1.570796	0.000000	-2.094399
2.080000	-0.137440	0.104513	0.140560	1.570796	0.000000	-2.094399
2.085000	-0.138280	0.105354	0.139720	1.570796	0.000000	-2.094399
2.090000	-0.139120	0.106193	0.138880	1.570796	0.000000	-2.094399
2.095000	-0.139960	0.107034	0.138040	1.570796	0.000000	-2.094399
2.100000	-0.140800	0.107873	0.137200	1.570796	0.000000	-2.094399
2.105000	-0.141640	0.108714	0.136360	1.570796	0.000000	-2.094399
2.110000	-0.142480	0.109553	0.135520	1.570796	0.000000	-2.094399
2.115000	-0.143320	0.110394	0.134680	1.570796	0.000000	-2.094399
2.120000	-0.144160	0.111233	0.133840	1.570796	0.000000	-2.094399
2.125000	-0.145000	0.112074	0.133000	1.570796	0.000000	-2.094399
2.130000	-0.145840	0.112913	0.132160	1.570796	0.000000	-2.094399
2.135000	-0.146680	0.113753	0.131320	1.570796	0.000000	-2.094399
2.140000	-0.147520	0.114594	0.130480	1.570796	0.000000	-2.094399
2.145000	-0.148360	0.115433	0.129640	1.570796	0.000000	-2.094399
2.150000	-0.149200	0.116274	0.128800	1.570796	0.000000	-2.094399
2.155000	-0.150040	0.117113	0.127960	1.570796	0.000000	-2.094399
2.160000	-0.150880	0.117954	0.127120	1.570796	0.000000	-2.094399
2.165000	-0.151720	0.118793	0.126280	1.570796	0.000000	-2.094399
2.170000	-0.152560	0.119634	0.125440	1.570796	0.000000	-2.094399
2.175000	-0.153400	0.120473	0.124600	1.570796	0.000000	-2.094399
2.180000	-0.154240	0.121314	0.123760	1.570796	0.000000	-2.094399
2.185000	-0.155080	0.122153	0.122920	1.570796	0.000000	-2.094399
2.190000	-0.155920	0.122994	0.122080	1.570796	0.000000	-2.094399
2.195000	-0.156760	0.123833	0.121240	1.570796	0.000000	-2.094399
2.200000	-0.157600	0.124674	0.120400	1.570796	0.000000	-2.094399
2.205000	-0.158440	0.125514	0.119560	1.570796	0.000000	-2.094399
2.210000	-0.159280	0.126354	0.118720	1.570796	0.000000	-2.094399
2.215000	-0.160120	0.127193	0.117880	1.570796	0.000000	-2.094399
2.220000	-0.160960	0.128033	0.117040	1.570796	0.000000	-2.094399
2.225000	-0.161800	0.128874	0.116200	1.570796	0.000000	-2.094399
2.230000	-0.162640	0.129714	0.115360	1.570796	0.000000	-2.094399
2.235000	-0.163480	0.130553	0.114520	1.570796	0.000000	-2.094399
2.240000	-0.164320	0.131393	0.113680	1.570796	0.000000	-2.094399
2.245000	-0.165160	0.132234	0.112840	1.570796	0.000000	-2.094399
2.250000	-0.166000	0.133074	0.112000	1.570796	0.000000	-2.094399
2.255000	-0.166840	0.133913	0.111160	1.570796	0.000000	-2.094399
2.260000	-0.167680	0.134753	0.110320	1.570796	0.000000	-2.094399
2.265000	-0.168520	0.135594	0.109480	1.570796	0.000000	-2.094399
2.270000	-0.169360	0.136434	0.108640	1.570796	0.000000	-2.094399
2.275000	-0.170200	0.137273	0.107800	1.570796	0.000000	-2.094399
2.280000	-0.171040	0.138114	0.106960	1.570796	0.000000	-2.094399
2.285000	-0.171880	0.138954	0.106120	1.570796	0.000000	-2.094399
2.290000	-0.172720	0.139793	0.105280	1.570796	0.000000	-2.094399
2.295000	-0.173560	0.140633	0.104440	1.570796	0.000000	-2.094399
2.300000	-0.174400	0.141474	0.103600	1.570796	0.000000	-2.094399
2.305000	-0.175240	0.142314	0.102760	1.570796	0.000000	-2.094399
2.310000	-0.176080	0.143153	0.101920	1.570796	0.000000	-2.094399
2.315000	-0.176920	0.143993	0.101080	1.570796	0.000000	-2.094399
2.320000	-0.177760	0.144834	0.100240	1.570796	0.000000	-2.094399
2.325000	-0.178600	0.145674	0.099400	1.570796	0.000000	-2.094399
2.330000	-0.179440	0.146513	0.098560	1.570796	0.000000	-2.094399
2.335000	-0.180280	0.147353	0.097720	1.570796	0.000000	-2.094399
2.340000	-0.181120	0.148194	0.096880	1.570796	0.000000	-2.094399
2.345000	-0.181960	0.149034	0.096040	1.570796	0.000000	-2.094399
2.350000	-0.182800	0.149873	0.095200	1.570796	0.000000	-2.094399
2.355000	-0.183640	0.150714	0.094360	1.570796	0.000000	-2.094399
2.360000	-0.184480	0.151554	0.093520	1.570796	0.000000	-2.094399
2.365000	-0.185320	0.152393	0.092680	1.570796	0.000000	-2.094399
2.370000	-0.186160	0.153233	0.091840	1.570796	0.000000	-2.094399
2.375000	-0.187000	0.154074	0.091000	1.570796	0.000000	-2.094399
2.380000	-0.187840	0.154914	0.090160	1.570796	0.000000	-2.094399
2.385000	-0.188680	0.155753	0.089320	1.570796	0.000000	-2.094399
2.390000	-0.189520	0.156593	0.088480	1.570796	0.000000	-2.094399
2.395000	-0.190360	0.157434	0.087640	1.570796	0.000000	-2.094399
2.400000	-0.191200	0.158274	0.086800	1.570796	0.000000	-2.094399
2.405000	-0.192040	0.159113	0.085960	1.570796	0.000000	-2.094399
2.410000	-0.192880	0.159953	0.085120	1.570796	0.000000	-2.094399
2.415000	-0.193720	0.160794	0.084280	1.570796	0.000000	-2.094399
2.420000	-0.194560	0.161634	0.083440	1.570796	0.000000	-2.094399
2.425000	-0.195400	0.162473	0.082600	1.570796	0.000000	-2.094399
2.430000	-0.196240	0.163314	0.081760	1.570796	0.000000	-2.094399
2.435000	-0.197080	0.164154	0.080920	1.570796	0.000000	-2.094399
2.440000	-0.197920	0.164993	0.080080	1.570796	0.000000	-2.094399
2.445000	-0.198760	0.165833	0.079240	1.570796	0.000000	-2.094399
2.450000	-0.199600	0.166674	0.078400	1.570796	0.000000	-2.094399
2.455000	-0.200440	0.167514	0.077560	1.570796	0.000000	-2.094399
2.460000	-0.201280	0.168353	0.076720	1.570796	0.000000	-2.094399
2.465000	-0.202120	0.169193	0.075880	1.570796	0.000000	-2.094399
2.470000	-0.202960	0.170034	0.075040	1.570796	0.000000	-2.094399
2.475000	-0.203800	0.170874	0.074200	1.570796	0.000000	-2.094399
2.480000	-0.204640	0.171713	0.073360	1.570796	0.000000	-2.094399
2.485000	-0.205480	0.172553	0.072520	1.570796	0.000000	-2.094399
2.490000	-0.206320	0.173394	0.071680	1.570796	0.000000	-2.094399
2.495000	-0.207160	0.174234	0.070840	1.570796	0.000000	-2.094399
2.500000	-0.208000	0.175073	0.070000	1.570796	0.000000	-2.094399
